# # # # # # # # # # # # # # # # # # # # # # # # # # # # # # # # # # # # #
# PREGUNTA 1
# # # # # # # # # # # # # # # # # # # # # # # # # # # # # # # # # # # # #
library(vctrs)
library(car)
library(ggplot2)
library(ggpubr)
library(GGally)
library(leaps)
library(lmtest)
library(gridExtra)
texto <-("
fixed.acidity,volatile.acidity,citric.acid,residual.sugar,chlorides,free.sulfur.dioxide,total.sulfur.dioxide,density,pH,sulphates,alcohol,quality
6.9,0.28,0.24,2.1,0.034,49,121,0.989,3,0.43,13.2,good
7.2,0.29,0.4,7.6,0.024,56,177,0.993,3,0.32,11.5,good
6.1,0.28,0.35,12.8,0.048,63,229,0.998,3.1,0.4,8.9,poor
8.9,0.34,0.34,1.6,0.056,13,176,0.995,3.1,0.47,9.7,poor
6.6,0.28,0.41,7,0.046,59,194,0.996,3.1,0.48,9.4,poor
6.8,0.27,0.28,13.3,0.076,50,163,0.998,3,0.38,8.6,good
7.3,0.21,0.21,1.6,0.046,35,133,0.995,3.4,0.46,10,good
6.9,0.2,0.41,1.1,0.06,36,104,0.993,3,0.39,9.2,poor
4.8,0.17,0.28,2.9,0.03,22,111,0.99,3.4,0.34,11.3,good
6.9,0.38,0.28,8.3,0.062,22,166,0.995,3.2,0.72,10.6,poor
5.9,0.26,0.25,12.5,0.034,38,152,0.998,3.3,0.43,9.4,poor
7.2,0.39,0.63,11,0.044,55,156,0.997,3.1,0.44,8.7,good
7,0.14,0.49,5.9,0.053,22,118,0.995,3.4,0.36,9.4,good
5.9,0.42,0.02,0.8,0.038,22,63,0.993,3.4,0.36,9.3,poor
6.4,0.26,0.49,6.4,0.037,37,161,0.995,3.4,0.53,9.7,good
7.2,0.2,0.25,4.5,0.044,31,109,0.995,3.2,0.36,9.4,poor
5.4,0.31,0.47,3,0.053,46,144,0.993,3.3,0.76,10,poor
5.8,0.36,0.5,1,0.127,63,178,0.992,3.1,0.45,9.7,poor
7.6,0.48,0.28,10.4,0.049,57,205,0.997,3.2,0.45,9.3,poor
6.8,0.27,0.22,17.8,0.034,16,116,0.999,3.1,0.53,9.2,poor
5.1,0.21,0.28,1.4,0.047,48,148,0.992,3.5,0.49,10.4,poor
6.8,0.35,0.53,10.1,0.053,37,151,0.996,3.1,0.4,9.4,poor
6.7,0.16,0.34,1.6,0.026,27,109,0.993,3.3,0.58,10.1,good
6.8,0.19,0.58,14.2,0.038,51,164,0.998,3.1,0.48,9.6,good
6.8,0.19,0.71,17.5,0.042,21,114,0.998,2.8,0.5,9.5,good
8.6,0.34,0.36,1.4,0.045,11,119,0.996,3.2,0.47,9.4,poor
5.6,0.22,0.24,9.8,0.054,59,140,0.995,3.2,0.39,10.2,good
6.4,0.28,0.22,12.8,0.039,51,150,0.995,3.2,0.43,10.7,good
6.6,0.16,0.25,9.8,0.049,60,137,0.995,3.2,0.38,10,good
7.3,0.19,0.27,13.9,0.057,45,155,0.998,2.9,0.41,8.8,good
6.9,0.18,0.33,1,0.054,24,164,0.993,3.4,0.51,10.5,poor
7.7,0.2,0.44,13.9,0.05,44,130,0.999,3.1,0.48,10,good
7,0.21,0.34,8,0.057,19,101,0.995,3,0.59,9.4,poor
7.3,0.21,0.29,1.6,0.034,29,118,0.992,3.3,0.5,11,good
6.5,0.29,0.52,1.7,0.034,41,193,0.992,3.2,0.59,10.4,good
6.1,0.41,0.14,10.4,0.037,18,119,0.996,3.4,0.45,10,poor
6.1,0.12,0.25,3.3,0.04,10,69,0.993,3.5,0.59,10.1,good
6.9,0.33,0.31,4.2,0.04,21,93,0.99,3.2,0.48,13.4,good
7.1,0.18,0.39,14.5,0.051,48,156,0.999,3.4,0.78,9.1,poor
7.1,0.44,0.27,8.4,0.057,60,160,0.993,3.2,0.36,11.8,good
8.6,0.36,0.26,11.1,0.03,44,171,0.995,3,0.49,12,poor
7.2,0.31,0.46,5,0.04,3,29,0.991,3,0.53,12.5,poor
6.9,0.24,0.49,1.3,0.032,35,148,0.993,3.5,0.57,10.7,good
5.9,0.3,0.23,4.2,0.038,42,119,0.992,3.1,0.5,11,poor
5.9,0.26,0.27,18.2,0.048,52,168,0.999,3.4,0.44,9.4,poor
7.2,0.17,0.34,6.4,0.042,16,111,0.993,3,0.4,10.8,good
6.8,0.67,0.3,13,0.29,22,193,0.998,3.1,0.67,9,poor
7.6,0.27,0.32,1.2,0.043,23,72,0.992,3.1,0.68,10.5,poor
5.9,0.21,0.28,4.6,0.053,40,199,0.996,3.7,0.7,10,poor
7.1,0.15,0.34,1,0.033,27,73,0.99,3.2,0.41,12.2,good
7.5,0.18,0.72,9.6,0.039,53,151,0.998,3,0.46,8.9,poor
7.1,0.26,0.34,14.4,0.067,35,189,0.999,3.1,0.53,9.1,good
5.5,0.32,0.13,1.3,0.037,45,156,0.992,3.3,0.38,10.7,poor
7.6,0.19,0.41,1.1,0.04,38,143,0.991,2.9,0.42,11.4,poor
8.3,0.22,0.34,1.1,0.043,20,116,0.993,3,0.47,10.2,good
7.6,0.27,0.33,2,0.059,19,175,0.994,3.2,0.56,9.9,poor
6.4,0.35,0.28,1.1,0.055,9,160,0.994,3.4,0.5,9.1,good
5.6,0.18,0.19,7.1,0.048,36,110,0.994,3.3,0.41,9.5,good
7.2,0.23,0.39,1.5,0.053,26,106,0.992,3.2,0.47,11.1,good
6.6,0.26,0.29,1.4,0.039,13,67,0.992,3,0.49,10.9,good
")
# Obtenemos los datos en formato ancho
dw <- read.csv(
file = textConnection(texto)
)
set.seed(1009)
i.tr <- sample(1:60, 40)
datos <- dw[i.tr, ]
datos.test <- dw[-i.tr, ]
i.tr
datos
# Antes que nada, se aplica la función "factor" a las variables categóricas
datos[["quality"]] <- factor(datos[["quality"]])
require(leaps)
#install.packages("mltools")
library(mltools)
library(car)
library(tidyr)
library(caret)
library(ggpubr)
texto <-("
Genero,Edad,Estatura,Peso,Historia,ComRapida,Vegetales,NumComidas,Bocadillos,Fuma,Agua,Calorias,Ejercicio,Aparatos,Alcohol,Transporte,Categoria
0,21,1.52,56,1,0,2,3,3,1,2,1,3,0,1,2,1
1,29,1.77,83,0,1,0,4,1,0,2,0,0,1,0,3,2
1,22,1.65,62,0,1,1,4,1,0,1,0,2,0,1,2,1
0,21,1.67,75,1,1,1,3,3,0,1,0,1,0,1,2,2
1,22,1.68,55,1,1,1,3,3,0,1,0,0,2,1,4,1
1,55,1.78,84,1,0,2,4,1,0,2,1,3,0,2,0,2
1,22,1.7,66,1,0,1,3,1,0,1,0,0,0,0,2,1
1,22,1.75,95,1,0,1,3,3,0,2,0,3,2,0,0,4
0,19,1.61,62,1,1,2,1,1,0,1,0,1,0,2,2,1
1,23,1.62,53,1,1,1,3,3,0,1,0,1,1,1,2,1
0,23,1.67,75,1,1,1,3,1,1,1,0,0,2,0,0,2
1,23,1.87,95,1,1,0,3,1,0,1,0,0,2,2,2,3
1,24,1.66,67,1,1,2,1,3,0,1,0,1,0,0,2,1
1,30,1.77,109,1,1,2,3,3,0,0,0,2,0,1,4,4
1,23,1.89,65,1,1,2,3,1,0,2,0,1,1,1,2,0
1,21,1.62,70,0,1,1,1,2,0,2,0,1,0,1,2,2
0,27,1.6,61,0,1,2,3,0,0,1,0,0,0,1,4,1
1,25,1.78,78,1,1,1,1,3,0,1,0,2,1,1,2,1
0,40,1.55,62,1,0,2,3,3,0,2,0,0,0,1,4,2
1,55,1.65,80,0,1,1,3,3,0,1,0,1,0,0,4,3
1,25,1.89,75,0,0,2,3,1,0,1,1,3,0,0,2,1
1,29,1.69,90,1,0,1,3,3,0,2,0,1,0,1,4,4
1,27,1.83,71,1,1,1,3,3,0,1,0,3,2,0,4,1
1,21,1.8,62,1,1,2,3,3,0,1,0,1,0,0,2,1
0,21,1.72,66,1,1,2,4,0,0,2,0,0,2,0,2,1
0,23,1.63,82,1,1,1,1,3,0,1,0,0,0,0,2,4
1,25,1.83,121,1,0,2,3,3,0,2,0,2,0,1,0,5
0,24,1.62,58,0,1,2,3,3,0,1,0,1,1,1,2,1
0,21,1.63,66,1,1,2,1,3,1,2,0,0,0,1,2,1
0,19,1.64,53,1,1,2,3,3,0,0,0,1,1,0,2,1
0,20,1.65,75,1,1,2,1,3,0,1,0,1,1,0,2,3
0,18,1.5,50,1,1,2,3,1,0,1,0,0,1,1,2,1
1,18,1.79,52,0,0,2,3,3,0,1,0,1,1,1,2,0
0,16,1.57,49,0,1,1,4,0,0,1,0,0,1,1,2,1
1,38,1.75,75,1,0,2,3,1,0,0,0,3,1,0,4,1
0,23,1.75,56,0,0,2,3,1,0,1,0,2,0,1,2,0
1,21,1.8,72,0,1,2,3,3,0,1,0,1,1,0,2,1
1,17,1.8,97,1,1,1,3,3,0,2,0,1,1,1,0,3
0,29,1.6,56,1,0,1,3,1,0,0,0,0,1,1,2,1
1,18,1.7,78,0,1,0,3,3,0,1,0,0,1,1,2,3
1,19,1.8,70,0,1,2,3,1,0,0,0,2,0,0,2,1
0,18,1.55,56,0,1,1,3,3,0,0,0,0,0,0,4,1
1,19,1.8,87,1,1,1,4,3,0,1,0,2,1,1,2,2
1,23,1.75,69,0,0,2,3,2,0,1,0,2,1,1,4,1
1,18,1.85,66,0,1,1,3,1,0,0,0,1,1,1,2,1
1,19,1.69,60,0,1,1,3,0,0,0,0,1,1,1,2,1
1,19,1.76,79,1,1,1,3,1,0,2,0,1,2,2,2,2
0,18,1.6,51,1,1,1,3,1,0,0,0,1,1,1,2,1
1,22,1.74,75,1,1,2,3,1,0,0,0,1,0,0,4,1
0,19,1.54,42,0,1,2,1,3,0,1,0,0,1,0,2,0
1,19,1.78,64,0,1,1,3,3,0,0,0,1,0,0,2,1
1,21,1.8,73,1,1,0,3,0,0,1,0,3,1,1,2,1
0,19,1.56,50,0,1,1,1,3,0,0,0,0,2,0,2,1
0,26,1.63,104,1,1,2,3,3,0,1,0,0,0,1,2,6
0,21,1.52,42,0,1,2,1,1,0,0,0,0,0,1,2,0
0,21,1.73,50,0,0,2,3,1,0,0,0,0,0,1,2,0
1,21,1.71,51,1,1,2,3,1,0,0,0,0,0,0,2,0
0,19,1.67,49,0,0,1,3,1,0,0,0,2,1,1,2,0
1,18,1.76,52,0,1,1,3,3,0,1,0,0,1,1,2,0
1,17,1.82,59,1,1,1,3,3,0,1,0,2,1,0,4,0
0,22,1.72,50,1,1,1,3,1,0,0,0,0,0,0,2,0
1,17,1.88,60,1,1,2,3,3,0,1,0,2,0,0,4,0
0,23,1.71,50,1,1,1,3,1,0,1,0,0,2,0,2,0
0,18,1.7,50,0,1,1,3,3,0,1,0,0,1,1,2,0
1,17,1.83,59,1,1,1,4,3,0,1,0,2,0,0,4,0
1,19,1.76,54,1,1,1,3,3,0,1,0,1,1,0,2,0
0,21,1.59,44,0,0,2,1,1,0,1,0,1,0,0,2,0
0,23,1.6,42,0,0,1,2,1,0,1,0,1,0,0,2,0
0,18,1.73,50,0,1,0,3,3,0,0,0,1,0,1,2,0
0,18,1.54,41,0,1,1,1,3,0,0,0,0,1,1,2,0
0,16,1.74,50,0,1,1,3,3,0,0,0,1,0,1,2,0
1,19,1.79,58,1,1,1,3,3,0,1,0,2,1,0,4,0
0,16,1.78,44,0,1,1,3,3,0,1,0,2,1,1,2,0
1,20,1.76,55,1,1,1,3,3,0,1,0,2,1,0,2,0
0,19,1.52,42,0,1,1,1,1,0,0,0,0,0,1,2,0
1,21,1.61,67,1,1,1,3,2,0,2,0,1,0,1,2,2
0,29,1.67,71,1,1,1,3,3,0,0,0,1,0,1,4,2
0,24,1.6,64,0,1,1,3,3,0,0,0,0,0,1,2,2
0,35,1.67,73,1,0,2,2,3,0,0,0,0,0,1,4,2
0,16,1.62,67,1,1,0,1,3,0,1,1,0,1,0,2,2
0,42,1.77,75,1,1,2,2,3,0,1,0,0,0,1,4,2
1,22,1.87,89,1,1,1,2,3,0,0,0,0,1,1,2,2
1,21,1.86,89,1,1,1,3,3,0,0,0,0,0,1,2,2
0,21,1.76,78,1,1,2,1,3,0,1,0,2,0,1,2,2
0,18,1.5,55,0,1,1,3,3,0,0,1,0,0,1,2,2
0,16,1.6,65,1,1,1,1,3,0,1,1,0,1,0,2,2
0,21,1.56,63,0,1,1,1,3,0,0,0,1,0,1,2,2
0,27,1.55,62,0,1,1,1,3,0,0,0,0,0,1,2,2
0,18,1.76,79,1,1,1,2,3,0,1,0,1,1,2,2,2
1,26,1.8,85,1,1,1,3,3,0,1,0,0,0,1,4,2
0,21,1.61,67,1,1,1,3,2,0,2,0,1,0,1,2,2
0,21,1.61,67,1,1,0,3,2,0,1,0,1,0,1,2,2
0,21,1.74,78,1,1,1,1,3,0,0,0,1,0,1,2,2
0,22,1.6,65,0,1,1,3,3,0,0,0,0,0,1,2,2
0,17,1.6,65,1,1,2,2,3,0,1,1,0,1,1,2,2
1,29,1.77,87,0,1,0,3,3,0,0,0,1,0,0,4,2
1,19,1.82,87,1,1,1,3,3,0,1,0,2,0,1,2,2
1,22,1.79,89,1,1,0,1,3,0,1,0,0,1,1,2,3
0,23,1.67,80,1,1,1,2,3,0,0,0,0,1,0,2,3
1,23,1.71,83,1,1,1,2,3,0,0,0,0,1,1,2,3
1,24,1.7,80,1,1,1,3,3,0,1,0,0,0,1,2,3
0,18,1.62,72,1,0,2,3,3,0,1,0,1,1,1,2,3
1,17,1.72,85,1,1,1,3,3,0,1,0,1,0,1,2,3
0,34,1.69,77,1,1,2,1,3,0,1,0,0,0,0,4,3
1,22,1.79,89,1,1,0,1,3,0,1,0,0,0,1,2,3
1,31,1.71,82,1,1,1,3,3,0,0,0,0,0,0,4,3
1,22,1.72,81,1,1,1,1,3,0,0,0,1,1,1,2,3
0,25,1.5,64,1,0,1,1,3,0,0,0,0,0,0,2,3
1,37,1.84,92,1,1,1,1,3,0,1,0,1,0,1,4,3
1,18,1.74,86,1,1,2,3,3,0,1,0,2,0,1,2,3
1,23,1.72,83,1,1,1,2,3,0,0,0,0,0,1,2,3
1,31,1.8,91,1,1,1,3,3,0,0,0,0,0,1,2,3
0,20,1.51,64,1,0,1,3,3,0,1,0,1,1,0,2,3
0,37,1.68,79,1,1,1,3,3,0,0,0,0,0,0,4,3
0,33,1.68,77,1,1,2,2,3,0,0,0,1,0,0,4,3
1,19,1.71,78,1,0,0,2,3,0,1,0,1,0,1,2,3
1,30,1.84,93,1,1,1,2,3,0,0,0,1,0,1,2,3
1,24,1.79,89,1,1,0,2,3,0,1,0,0,0,1,2,3
1,24,1.72,85,1,1,1,2,3,0,1,0,0,0,1,2,3
0,19,1.55,69,1,0,1,3,3,0,0,0,0,1,0,2,3
1,39,1.79,101,1,1,1,2,3,0,1,0,2,1,1,4,4
0,43,1.57,81,1,1,1,1,3,0,1,0,1,0,0,4,4
1,22,1.73,95,1,1,1,3,3,0,1,0,2,1,0,2,4
0,40,1.55,77,1,1,1,3,3,0,0,0,0,0,1,4,4
1,26,1.66,90,1,1,1,3,3,0,2,0,0,0,1,4,4
1,20,1.78,102,1,1,1,3,3,0,0,0,1,0,0,2,4
1,29,1.83,108,1,1,1,2,3,0,1,0,0,1,1,4,4
0,18,1.67,86,1,1,1,3,3,0,0,0,1,0,0,2,4
0,22,1.6,82,1,1,0,1,3,0,1,0,0,0,1,2,4
1,22,1.75,95,1,1,1,3,3,0,2,0,3,2,0,2,4
1,29,1.76,108,1,1,2,3,3,0,0,0,1,0,1,4,4
1,22,1.7,93,1,1,1,3,3,0,0,0,0,0,0,2,4
1,21,1.72,94,1,1,1,2,3,0,1,0,0,1,0,2,4
1,30,1.69,90,1,1,1,2,3,0,1,0,1,0,1,4,4
0,18,1.68,90,1,1,0,3,3,0,0,0,0,1,1,2,4
0,19,1.63,82,1,1,1,2,3,0,0,0,0,1,0,2,4
0,38,1.53,75,1,1,1,3,3,0,0,0,0,0,1,4,4
1,29,1.81,109,1,1,1,2,3,0,0,0,1,0,1,4,4
0,18,1.7,91,1,1,0,3,3,0,0,0,0,0,1,2,4
0,24,1.62,81,1,1,1,1,3,0,0,0,0,0,0,2,4
0,42,1.57,81,1,1,1,1,3,0,0,0,1,0,0,4,4
1,31,1.67,90,1,1,1,1,3,0,1,0,1,0,1,4,4
0,23,1.58,78,1,1,1,1,3,0,1,0,0,0,0,2,4
1,20,1.86,115,1,1,1,3,3,0,2,0,0,1,1,2,4
1,29,1.8,108,1,1,1,2,3,0,1,0,1,1,1,4,4
1,20,1.7,98,1,1,1,2,3,0,1,0,0,1,0,2,4
0,19,1.61,82,1,1,0,2,3,0,0,0,0,0,0,2,4
1,24,1.76,112,1,1,0,3,3,0,1,0,1,0,1,2,5
1,24,1.76,117,1,1,0,3,3,0,1,0,1,0,1,2,5
1,24,1.61,98,1,1,2,2,3,0,0,0,1,0,0,2,5
1,29,1.9,124,1,1,1,3,3,0,1,0,1,0,1,2,5
1,21,1.77,116,1,1,1,3,3,0,1,0,1,1,1,2,5
1,24,1.83,120,1,1,1,3,3,0,1,0,2,0,1,2,5
1,21,1.85,122,1,1,2,2,3,0,0,0,0,0,1,2,5
1,28,1.82,120,1,1,1,3,3,0,1,0,1,0,1,4,5
1,31,1.77,120,1,1,1,3,3,0,1,0,1,0,1,4,5
1,25,1.77,114,1,1,1,3,3,0,1,0,1,0,1,2,5
1,40,1.75,109,1,1,1,2,3,0,0,0,0,0,0,4,5
1,25,1.79,115,1,1,0,3,3,0,1,0,1,0,1,2,5
1,25,1.77,115,1,1,1,3,3,0,1,0,1,1,1,2,5
1,27,1.79,112,1,1,1,3,3,0,1,0,0,1,1,4,5
1,30,1.76,118,1,1,1,3,3,0,1,0,1,1,1,4,5
1,25,1.76,112,1,1,0,3,3,0,1,0,1,0,1,2,5
1,25,1.76,113,1,1,0,3,3,0,1,0,1,0,1,2,5
1,20,1.62,104,1,1,1,1,3,0,0,0,0,1,0,2,5
1,25,1.77,112,1,1,0,3,3,0,1,0,1,0,1,2,5
1,31,1.68,102,1,1,1,2,3,0,0,0,1,0,0,2,5
1,27,1.69,99,1,1,1,2,3,0,0,0,0,0,0,2,5
1,31,1.87,123,1,1,1,3,3,0,1,0,0,0,1,2,5
1,25,1.79,115,1,1,0,3,3,0,1,0,1,0,1,2,5
1,23,1.77,116,1,1,0,3,3,0,1,0,0,0,1,2,5
1,36,1.74,106,1,1,1,2,3,0,0,0,1,0,0,4,5
1,24,1.61,100,1,1,1,1,3,0,0,0,1,1,0,2,5
1,24,1.76,112,1,1,0,3,3,0,1,0,0,0,1,4,5
1,30,1.76,111,1,1,0,3,3,0,0,0,0,0,1,4,5
1,26,1.89,121,1,1,1,3,3,0,1,0,1,0,1,2,5
1,25,1.76,113,1,1,0,3,3,0,1,0,1,0,1,2,5
1,38,1.75,119,1,1,1,2,3,0,0,0,0,0,1,4,5
1,23,1.85,121,1,1,2,2,3,0,1,0,0,0,1,2,5
1,24,1.61,100,1,1,1,1,3,0,0,0,0,1,0,2,5
0,20,1.74,130,1,1,2,3,3,0,0,0,1,0,1,2,6
0,26,1.64,111,1,1,2,3,3,0,1,0,0,0,1,2,6
0,20,1.81,138,1,1,2,3,3,0,1,0,0,0,1,2,6
0,18,1.75,133,1,1,2,3,3,0,1,0,1,0,1,2,6
0,26,1.62,105,1,1,2,3,3,0,1,0,0,0,1,2,6
0,26,1.64,111,1,1,2,3,3,0,1,0,0,0,1,2,6
0,25,1.64,105,1,1,2,3,3,0,1,0,0,0,1,2,6
0,26,1.63,110,1,1,2,3,3,0,1,0,0,0,1,2,6
0,19,1.75,133,1,1,2,3,3,0,1,0,1,0,1,2,6
0,26,1.62,104,1,1,2,3,3,0,1,0,0,0,1,2,6
0,18,1.8,138,1,1,2,3,3,0,1,0,1,0,1,2,6
0,21,1.73,131,1,1,2,3,3,0,0,0,1,0,1,2,6
0,23,1.64,113,1,1,2,3,3,0,1,0,0,0,1,2,6
0,18,1.74,133,1,1,2,3,3,0,1,0,1,0,1,2,6
0,20,1.7,126,1,1,2,3,3,0,0,0,0,0,1,2,6
0,21,1.75,133,1,1,2,3,3,0,1,0,1,0,1,2,6
0,21,1.75,133,1,1,2,3,3,0,1,0,1,0,1,2,6
0,18,1.76,133,1,1,2,3,3,0,1,0,1,0,1,2,6
0,21,1.76,137,1,1,2,3,3,0,1,0,1,0,1,2,6
0,25,1.62,110,1,1,2,3,3,0,0,0,0,0,1,2,6
0,26,1.64,110,1,1,2,3,3,0,1,0,0,0,1,2,6
0,26,1.62,111,1,1,2,3,3,0,1,0,0,0,1,2,6
0,25,1.59,110,1,1,2,3,3,0,1,0,0,0,1,2,6
0,20,1.72,132,1,1,2,3,3,0,0,0,1,0,1,2,6
0,24,1.65,113,1,1,2,3,3,0,1,0,0,0,1,2,6
0,18,1.75,128,1,1,2,3,3,0,1,0,0,0,1,2,6
0,18,1.74,126,1,1,2,3,3,0,1,0,1,0,1,2,6
0,19,1.81,150,1,1,2,3,3,0,1,0,1,0,1,2,6
0,25,1.67,112,1,1,2,3,3,0,1,0,0,0,1,2,6
0,26,1.64,111,1,1,2,3,3,0,1,0,0,0,1,2,6
0,23,1.74,133,1,1,2,3,3,0,1,0,1,0,1,2,6
")
# Obtenemos los datos en formato ancho
dw <- read.csv(
file = textConnection(texto)
)
set.seed(4+4+2021)
i.tr <- sample(1:211, 170)
dw.tr <- dw[i.tr, ]
dw.te <- dw[-i.tr, ]
dw.tr
dw.trnulo <- lm(Peso ~ 1, data = dw.tr)
completo <- lm(Peso ~ ., data = dw.tr)
modelo <- step(
nulo,
scope = list(lower = nulo, upper = completo),
direction = "both"
)
nulo <- lm(Peso ~ 1, data = dw.tr)
completo <- lm(Peso ~ ., data = dw.tr)
modelo <- step(
nulo,
scope = list(lower = nulo, upper = completo),
direction = "both"
)
